950700756
950699614
950699907
950701765
950699751
950698027
950698028
950700178
950698188
950700164
950701328
950699779
950699443
950697439
950700553
950700358
950699340
950698335
950697809
950698102
950700523
950699936
950699958
950697980
950737903
950736496
950698567
950698047
950699429
950698031
950697402
950695930
950697801
950700850
950700014
950699844
950724222
950700295
950701633
950696446
950695491
950697046
950697898
950698860
950701149
950700248
950699308
950701098
950706223
950706224
950699485
950700633
950699742
950698347
950699280
950696709
950697570
950696038
950701434
950699585
950700495
950700533
950726600
950726599
950701627
950698490
950700170
950698235
950699285
950701291
950724522
950724532
950698297
950696665
950701299
950698660
950698320
950699817
950698535
950699698
950699468
950736623
950701344
950701690
950699945
950735094
950698933
950700948
950701753
950699904
950700082
950699602
950701063
950698601
950699867
950705946
950699385
950698945
950698159
950696100
950696360
950697602
950700676
950700993
950697813
950700543
950696598
950700909
950699847
950699193
950727734
950725741
950700534
950701160
950699537
950726741
950705725
950696774
950724242
950699364
950697009
950697457
950698834
950698039
950698079
950700997
950699654
950700938
950725745
950700950
950699442
950701172
950725149
950706022
950726681
950728506
950699105
950701330
950696757
950696349
950735730
950699630
950696379
950699142
950699160
950726641
950735703
950697477
950699304
950705720
950727927
950728542
950735658
950700880
950695640
950698811
950698812
950728538
950697988
950698124
950701032
950695992
950695833
950695691
950696187
950697808
950697866
950697729
950726629
950726628
950736040
950701517
950701807
950701516
950739251
950695932
950700193
950695787
950697705
950698837
950700097
950700448
950701089
950696908
950697167
950695835
950699326
950696221
950696189
950695775
950697252
950699601
950699245
950699831
950699264
950699447
950697518
950700004
950697318
950697421
950726754
950698556
950697467
950699663
950695594
950697409
950736605
950695803
950700887
950701843
950697975
950699043
950701247
950699735
950701563
950696089
950698506
950697926
950697324
950735956
950696439
950695630
950697723
950695904
950696929
950698350
950695912
950695629
950695924
950700183
950696115
950695459
950695969
950696425
950699156
950698470
950696835
950696245
950696051
950695720
950697430
950696254
950698114
950698571
950701184
950698100
950698590
950695611
950699874
950696097
950699677
950696162
950700907
950695511
950695546
950697610
950737259
950697609
950696256
950700267
950696635
950698560
950698539
950699448
950697189
950699706
950698568
950700128
950698107
950697016
950696040
950696010
950695754
950699148
950696741
950724515
950724516
950698352
950699335
950701813
950700382
950696827
950697531
950701243
950700796
950700449
950698256
950699616
950699205
950696037
950696581
950696377
950698638
950698293
950697814
950699310
950698189
950698831
950696928
950699337
950697563
950701552
950696573
950701835
950697605
950698019
950699341
950696427
950699006
950700032
950699286
950701142
950701251
950700061
950695761
950698135
950700918
950698937
950700400
950697362
950697579
950696291
950698385
950699747
950701745
950698344
950699048
950697822
950696644
950697078
950697428
950695855
950700311
950699375
950696333
950701821
950698424
950700498
950698715
950696805
950727427
950696185
950698369
950701617
950700878
950695696
950698372
950699700
950699888
950698788
950700955
950700422
950697722
950701295
950700734
950699064
950701459
950700313
950699457
950698193
950728702
950699883
950700522
950698220
950700472
950696914
950698190
950701780
950726866
950697580
950697533
950701848
950696632
950698070
950727586
950697641
950700281
950697749
950705742
950700486
950700477
950699401
950699778
950696706
950695814
950697825
950699621
950698665
950699659
950735140
950696380
950697364
950701187
950697410
950696861
950699207
950735149
950735144
950699144
950735552
950696994
950737482
950697677
950701885
950695806
950699321
950698332
950699653
950700509
950698405
950699719
950696820
950696856
950699591
950696568
950698694
950725607
950701161
950695645
950700188
950698876
950698212
950701535
950700216
950697452
950700491
950695852
950699701
950727768
950698172
950699849
950705358
950705356
950698763
950705384
950696570
950697118
950696873
950699224
950738529
950696721
950701566
950701448
950695985
950695824
950696381
950698415
950698355
950700772
950727123
950728784
950701658
950697432
950699508
950700737
950700219
950724333
950724764
950697368
950696339
950697500
950725208
950697547
950735745
950735749
950697179
950700261
950736165
950700741
950697585
950700045
950701292
950724864
950695815
950695501
950728491
950725810
950697645
950697446
950697084
950701055
950696956
950701735
950698486
950701636
950698722
950697277
950696986
950699885
950698229
950726573
950726574
950697561
950696353
950695967
950696047
950698533
950698530
950700799
950698410
950701275
950698255
950699841
950698174
950697393
950699046
950697161
950696111
950701294
950726235
950726236
950695818
950700365
950696720
950696688
950696716
950700078
950696867
950697836
950698928
950696240
950696135
950701267
950700133
950698113
950697229
950724367
950699514
950700213
950697997
950700118
950697048
950699123
950699279
950725247
950699637
950699589
950699590
950699479
950698067
950699529
950698907
950696081
950695464
950699278
950697999
950700446
950700954
950695940
950705105
950724862
950727430
950696633
950696746
950696742
950705601
950697767
950696139
950701702
950706131
950706132
950700666
950699789
950696236
950727924
950696676
950701561
950695747
950700724
950696145
950700917
950698149
950695726
950695862
950701095
950697615
950700742
950701612
950698370
950700629
950695560
950700430
950700589
950698815
950700143
950699185
950701887
950697395
950696075
950699342
950697541
950700819
950700709
950700189
950701068
950695866
950696151
950700888
950700197
950697876
950696246
950695784
950697806
950697210
950697928
950695656
950695783
950699466
950697353
950697165
950697221
950701034
950695908
950735734
950695460
950695566
950696955
950700034
950700233
950697164
950698967
950700915
950701030
950700132
950698632
950697057
950701754
950700583
950696853
950703648
950696586
950697320
950697622
950701265
950699319
950699318
950728543
950696964
950695791
950726702
950736360
950695749
950701188
950697302
950697604
950695968
950695867
950697750
950697816
950700874
950695531
950696475
950735484
950699755
950695685
950697166
950696479
950697145
950696208
950695712
950700223
950695716
950695799
950695715
950697890
950699703
950700811
950699012
950696281
950700890
950735650
950698807
950758219
950725748
950758431
950725629
950725630
950758432
950698578
950698994
950725633
950697061
950725634
950701694
950701359
950725624
950758448
950700103
950725620
950725623
950758213
950698895
950758218
950699661
950697685
950700369
950696768
950758342
950758343
950696859
950697304
950758402
950700647
950697519
950700277
950698011
950700289
950701076
950696393
950698615
950696942
950697280
950697299
950699153
950700883
950699801
950699992
950696605
950695886
950696673
950700881
950700671
950696797
950697840
950699065
950699002
950697931
950701203
950700169
950696442
950696522
950695997
950695960
950695457
950696404
950700577
950696137
950735913
950695734
950695903
950697747
950700897
950701790
950701169
950735123
950697790
950696203
950696202
950700977
950700976
950735475
950734979
950735870
950735871
950697438
950697117
950697331
950698695
950726871
950700228
950698504
950695484
950698596
950739983
950696697
950699651
950698875
950701210
950698237
950701139
950698629
950700029
950699893
950699122
950699189
950698662
950698431
950700077
950701868
950695907
950698708
950697374
950699627
950697807
950695841
950695842
950698362
950701744
950724221
950698910
950727439
950696899
950700231
950698319
950726783
950701408
950699499
950724943
950735107
950735108
950696121
950696274
950701012
950699421
950726860
950698846
950738064
950699312
950700104
950699197
950696583
950699365
950699037
950697115
950696114
950695868
950695465
950696085
950696655
950695826
950696831
950735559
950698639
950698640
950701186
950698701
950727665
950701763
950727668
950698400
950697076
950699325
950699966
950701642
950700339
950698317
950699159
950697281
950697131
950699843
950697128
950699266
950701853
950701386
950724408
950696778
950701641
950701284
950701403
950700116
950701622
950699848
950700970
950701732
950699493
950695875
950698957
950698570
950725814
950724771
950699359
950701199
950697881
950724944
950701468
950700051
950698178
950695741
950700117
950701672
950698912
950698999
950697008
950701581
950701808
950699777
950700561
950728786
950697358
950696683
950699357
950698961
950698302
950701458
950701785
950701282
950697562
950695503
950695502
950695671
950700615
950736158
950736159
950699009
950699515
950700706
950699192
950735647
950735648
950698244
950699902
950697503
950697935
950704511
950699294
950704513
950698397
950700484
950697307
950696347
950700480
950735182
950726165
950698326
950700933
950695798
950699509
950701123
950699633
950699003
950738877
950738803
950738804
950737282
950699007
950699210
950698034
950698882
950701677
950726717
950699758
950696096
950699714
950700601
950698387
950698736
950698271
950696821
950700928
950699814
950700282
950701097
950699792
950698938
950700210
950698234
950736173
950698055
950699563
950698978
950698265
950699060
950699933
950699836
950700211
950698981
950699154
950738440
950738444
950697162
950697437
950695524
950701052
950701049
950701050
950701051
950697504
950700098
950701116
950724890
950698455
950698187
950697944
950726401
950696664
950698071
950698647
950699115
950726662
950724407
950698814
950698818
950701742
950696870
950695497
950696841
950699104
950695858
950699234
950701730
950735863
950758553
950700762
950726197
950700060
950696700
950697116
950735949
950699469
950699827
950705913
950738076
950700665
950701828
950697834
950701467
950696936
950700559
950728429
950698598
950699239
950698996
950698450
950699638
950696868
950727930
950696976
950700418
950699762
950727932
950699441
950700668
950701639
950727933
950697524
950699731
950727968
950700346
950727934
950698599
950700641
950700360
950698785
950698782
950698600
950699851
950700425
950700020
950697784
950697664
950701402
950696972
950701760
950727443
950700922
950697872
950696327
950696887
950700018
950696967
950697444
950696907
950696567
950696406
950696732
950699908
950698401
950697663
950699554
950697837
950697976
950705669
950706179
950727625
950698683
950735052
950701664
950735158
950735859
950705633
950726193
950701382
950700744
950700745
950700542
950728346
950701820
950726354
950700696
950725209
950697045
950697349
950698826
950700695
950697539
950696556
950698698
950735219
950702872
950698508
950698760
950698156
950697856
950697857
950727585
950697473
950699033
950699875
950735758
950700441
950701072
950700292
950698448
950698048
950698903
950705413
950696939
950701830
950698684
950696663
950695619
950700912
950701158
950696437
950696517
950697575
950736350
950698819
950697941
950700597
950698367
950698948
950697787
950699184
950698941
950700067
950701075
950700757
950696356
950700698
950701395
950700326
950699923
950725672
950698154
950698704
950697886
950696282
950696113
950697734
950701565
950697588
950699155
950697589
950696551
950697493
950697899
950701629
950701011
950697514
950695954
950699579
950699126
950735032
950697897
950724897
950701021
950728592
950697441
950696788
950697192
950696431
950699692
950699491
950700080
950700069
950698015
950726529
950698376
950696713
950696628
950697090
950697637
950699547
950697811
950700182
950695651
950697839
950697690
950699166
950701173
950696143
950699078
950701235
950700637
950724062
950697566
950700689
950699019
950698775
950699497
950699094
950701736
950726465
950701704
950697696
950696460
950697923
950699914
950699553
950697933
950700499
950700374
950700335
950706473
950696617
950700638
950700827
950697776
950699680
950695559
950699725
950700225
950700221
950700941
950697995
950727757
950700905
950700380
950696604
950700526
950698725
950701846
950738417
950695704
950700779
950696711
950696828
950700904
950701857
950697815
950699333
950699572
950696468
950698630
950698012
950701401
950701435
950699644
950735951
950700152
950697081
950695553
950696528
950696639
950697411
950725204
950697020
950698197
950696224
950696225
950696851
950697830
950699981
950699196
950698085
950701598
950701339
950699519
950698641
950699387
950737467
950696213
950696019
950698966
950697672
950726795
950726796
950724088
950699106
950696680
950699079
950698266
950699270
950696466
950736815
950697163
950699393
950700517
950696698
950697228
950695616
950695525
950740259
950701047
950699709
950700161
950699354
950726166
950727442
950727960
950698525
950696474
950697266
950697700
950696048
950696017
950695789
950696303
950697211
950696000
950699339
950701858
950695996
950696992
950698267
950698095
950698887
950699168
950696629
950698835
950697852
950700936
950698745
950695959
950698654
950698418
950699450
950697464
950697543
950696735
950695853
950698688
950696785
950701302
950696076
950698273
950698098
950696874
950697262
950701508
950695878
950699609
950696499
950697149
950697449
950696913
950701437
950701455
950737522
950700750
950700663
950699125
950699559
950701301
950701113
950696099
950698046
950726510
950726742
950698408
950699624
950700351
950696783
950700861
950699895
950700661
950696106
950700196
950698145
950698146
950695522
950696920
950697367
950726682
950695925
950698542
950697864
950700963
950696792
950696637
950699765
950699344
950698972
950696776
950698083
950700442
950700377
950696919
950696613
950698673
950697665
950696782
950700439
950727154
950696454
950696780
950701873
950700347
950699835
950698364
950697303
950699550
950701397
950701271
950700071
950696845
950701084
950696132
950697795
950697754
950695966
950700041
950701016
950700148
950696924
950700530
950699632
950700555
950700166
950698057
950699685
950698398
950701594
950698707
950699838
950701008
950696751
950701338
950700755
950695801
950740230
950697259
950700199
950695680
950700753
950697629
950698587
950697584
950724773
950695769
950697914
950699097
950700222
950698661
950696999
950697313
950698428
950697939
950701346
950701739
950701770
950698748
950697937
950698627
950698871
950698378
950696491
950698861
950699850
950698366
950700552
950700852
950701806
950697398
950697077
950697494
950700862
950698272
950737679
950735977
950737289
950737288
950696596
950698942
950697427
950697157
950696355
950696922
950697327
950698843
950697576
950700747
950697742
950735656
950699636
950697882
950696354
950697718
950700980
950727712
950698324
950698839
950697459
950697088
950727717
950696467
950698142
950697073
950701202
950697479
950698404
950696411
950701611
950727720
950698670
950696592
950696917
950699195
950698909
950699622
950727722
950696451
950698823
950727721
950696417
950735120
950706144
950697738
950698927
950700869
950700870
950696612
950737810
950697977
950699715
950696489
950696325
950696590
950700791
950698591
950700033
950697111
950700106
950759461
950696070
950696222
950695926
950696763
950700366
950695874
950700367
950699549
950699832
950701475
950701154
950700105
950696229
950736340
950697468
950695518
950698761
950701002
950700712
950700780
950695851
950698489
950699111
950697979
950698038
950696585
950696584
950697558
950695678
950696271
950701029
950700527
950699095
950700016
950698786
950700642
950698787
950696035
950701503
950698119
950698739
950700648
950697212
950699146
950696822
950697147
950700332
950696749
950697932
950698950
950699720
950698491
950695990
950699668
950701200
950700052
950697694
950696892
950696893
950696343
950696426
950695536
950699826
950701017
950697198
950728610
950698545
950700607
950698628
950700324
950698368
950700944
950697600
950739393
950737725
950699926
950727438
950699133
950696455
950724565
950725813
950706083
950698263
950701721
950704896
950700244
950698167
950700245
950699723
950697848
950701040
950698339
950698325
950697383
950697106
950698305
950759158
950701547
950736220
950699856
950727543
950735944
950701776
950699372
950699371
950698573
950700911
950738553
950736116
950736103
950699768
950697948
950697644
950704939
950700896
950700822
950701520
950701507
950701447
950701393
950699458
950700497
950701579
950698881
950698422
950698392
950698391
950698059
950701866
950698132
950699459
950735970
950699362
950698282
950699576
950699802
950701091
950725648
950700823
950700985
950699343
950700770
950699200
950724989
950735989
950727580
950701266
950737365
950703645
950700562
950701758
950698021
950728783
950698808
950699606
950701824
950701491
950735660
950735957
950701325
950701418
950697332
950735124
950698485
950728787
950735860
950735784
950698904
950735952
950698479
950696486
950735954
950697190
950700336
950695763
950727153
950699634
950698680
950726778
950695978
950695666
950735466
950696329
950736958
950735805
950699206
950695639
950735795
950697052
950695665
950735800
950700068
950735478
950727678
950695718
950696646
950701554
950696465
950698005
950736675
950738297
950695657
950699032
950727730
950700624
950697019
950697237
950739654
950697863
950697238
950701236
950695808
950700473
950696952
950701631
950699935
950697072
950696365
950696462
950696534
950696546
950696476
950696449
950697132
950700771
950699977
950696485
950701525
950701861
950701264
950701766
950696970
950697010
950700258
950698459
950737997
950698793
950699352
950700953
950699351
950699646
950699854
950699950
950701151
950726870
950698467
950700749
950700646
950699949
950697906
950701791
950696103
950696178
950696276
950696179
950695637
950696378
950757674
950700719
950698225
950699298
950701124
950701277
950701115
950698312
950698873
950701688
950698403
950737904
950698337
950737905
950699165
950700424
950737906
950698970
950700914
950700323
950696230
950695542
950698468
950696527
950700831
950695687
950700399
950698581
950698260
950697846
950695762
950727173
950700645
950698440
950696031
950696569
950696511
950701001
950698115
950697922
950695609
950697098
950697376
950696554
950695999
950695492
950695461
950695776
950696023
950697323
950696024
950699498
950701221
950701073
950696293
950696228
950701340
950738755
950700733
950701874
950698343
950700937
950698393
950699260
950698805
950698803
950695984
950700215
950700899
950701461
950696705
950695626
950698475
950696625
950701720
950696890
950696192
950695697
950697924
950699251
950697415
950697085
950699041
950699749
950701342
950695528
950696848
950697204
950700030
950701296
950698974
950724260
950700278
950699913
950725544
950698016
950697873
950698375
950726515
950698607
950699232
950725228
950701833
950724274
950724349
950724273
950725768
950738489
950727199
950724388
950739502
950727197
950698501
950699055
950701079
950724514
950724368
950697934
950724354
950698161
950726516
950700710
950698086
950724434
950727201
950698274
950724384
950727203
950736831
950725230
950724356
950739243
950724390
950725643
950727204
950697592
950727192
950724366
950724288
950700868
950726492
950727202
950724426
950727200
950726493
950699067
950695548
950699374
950695519
950698830
950695823
950699405
950699250
950697697
950697847
950699855
950736166
950698911
950699864
950698041
950736146
950698841
950700764
950700847
950699324
950699983
950699787
950695840
950701341
950701324
950701527
950735752
950736113
950698157
950701122
950701109
950695793
950698381
950701380
950696052
950701288
950699467
950697151
950698659
950698517
950697068
950738575
950696724
950700386
950698224
950700518
950696321
950696506
950700387
950700781
950699860
950700488
950698025
950698313
950698053
950701020
950698712
950699209
950697721
950695597
950700089
950696119
950701366
950738576
950738248
950699858
950696401
950696398
950695915
950696399
950701757
950697141
950701286
950697365
950697091
950697306
950696400
950695795
950695794
950695753
950695752
950695515
950696344
950696659
950696351
950700715
950700126
950698004
950738569
950698227
950700524
950699918
950700093
950700385
950698209
950700611
950736110
950701289
950698636
950699021
950695591
950701666
950695913
950697216
950699695
950701311
950698066
950701287
950696395
950701260
950700626
950695825
950701183
950700825
950697215
950696361
950699366
950696806
950695800
950696951
950698017
950696684
950696371
950696695
950696369
950701591
950701300
950701259
950696390
950697213
950697797
950696944
950696324
950699727
950700625
950699109
950696307
950724440
950701707
950727540
950699389
950699463
950701261
950701120
950738577
950696196
950695950
950696961
950698480
950699911
950701888
950698399
950700423
950701136
950701137
950695587
950757907
950701308
950697325
950727167
950696561
950695466
950699906
950698126
950699604
950697625
950699135
950737896
950737897
950698890
950700039
950700040
950700926
950699595
950699694
950700049
950698078
950698158
950699594
950701568
950700114
950700536
950700038
950698334
950699932
950698406
950696441
950697150
950698280
950698129
950699268
950698552
950699672
950698241
950699598
950700545
950735126
950705021
950696336
950701422
950698551
950695516
950699786
950698473
950698524
950698472
950701217
950698798
950698947
950700623
950700848
950696330
950697883
950696813
950700929
950696734
950696717
950701062
950727087
950699307
950698211
950726522
950700419
950700420
950696525
950697209
950696781
950706180
950700777
950703022
950735261
950700892
950697699
950735953
950699301
950725220
950700539
950699744
950698214
950701485
950728635
950697521
950699029
950696985
950699186
950696565
950696875
950727320
950696376
950696623
950727315
950696345
950700554
950701028
950697405
950696338
950727317
950696904
950697485
950699561
950696645
950700520
950699745
950697080
950695953
950726950
950725490
950698386
950696227
950699437
950698513
950696696
950700925
950735065
950701669
950697865
950701871
950700927
950724790
950696288
950695695
950701006
950698809
950701009
950697879
950697957
950697960
950697959
950697956
950697958
950697954
950697961
950697955
950699454
950736117
950695541
950724512
950699611
950697686
950699669
950696304
950697526
950697055
950698029
950700000
950698175
950726526
950701488
950698700
950735125
950700288
950697036
950696691
950697463
950700631
950698606
950698878
950700483
950728005
950698519
950697352
950695883
950705662
950698051
950700738
950698449
950696003
950701118
950695920
950739941
950701157
950699349
950699036
950699689
950697483
950695507
950695732
950727067
950735479
950701528
950727677
950736186
950695477
950700620
950698032
950695738
950700348
950698210
950697929
950727152
950700634
950699173
950699957
950695646
950701168
950735252
950695728
950698709
950699784
950697035
950700109
950700138
950697134
950697103
950696881
950702992
950698383
950695804
950697498
950696029
950696575
950696595
950697791
950695710
950699440
950698122
950696589
950699924
950698231
950700678
950697851
950695780
950696987
950697095
950700875
950697296
950696959
950699102
950699320
950695588
950724852
950701696
950735625
950697715
950699008
950735183
950696714
950695952
950696960
950696334
950701646
950696795
950695943
950700229
950698336
950700404
950699513
950698674
950726582
950735624
950700125
950701117
950696232
950700027
950698109
950699377
950696287
950705367
950698295
950698962
950697056
950696958
950727985
950696105
950696104
950696854
950699188
950697746
950701477
950696699
950699750
950700145
950695872
950699296
950696830
950697728
950696312
950697581
950697426
950695620
950695589
950701144
950700516
950699114
950698427
950699824
950699737
950696253
950699183
950701038
950697756
950725756
950696765
950700996
950698757
950699274
950699383
950703610
950696473
950697202
950698105
950701093
950701094
950701134
950698625
950698390
950697152
950697717
950727172
950701387
950696394
950695945
950698940
950699884
950700494
950700091
950697451
950696843
950695472
950698153
950699204
950697093
950696141
950735747
950735748
950697680
950695788
950696270
950697110
950695676
950700185
950695628
950697472
950697257
950696188
950697481
950696471
950699861
950695870
950696054
950696049
950695756
950700028
950696719
950696677
950696123
950696689
950697092
950697802
950695532
950696152
950698007
950698006
950725747
950701131
950699866
950700810
950700621
950696235
950696597
950696878
950697263
950698854
950698341
950700964
950699597
950696041
950700134
950699072
950695649
950701829
950736254
950696053
950697668
950696194
950728498
950698453
950698753
950698137
950705785
950697917
950699882
950696916
950695817
950701323
950696995
950698436
950698848
950696497
950696337
950696657
950700572
950696704
950727548
950697249
950724900
950724901
950698624
950698471
950700812
950698245
950700837
950696036
950696153
950696777
950695574
950697254
950695979
950695735
950700334
950700157
950700240
950699973
950701748
950700140
950735669
950735670
950735671
950728504
950696588
950700200
950697880
950726745
950696850
950697094
950727440
950695897
950699108
950696730
950726563
950735962
950696083
950698010
950697651
950735280
950735127
950735814
950735575
950735961
950701585
950701840
950701185
950695759
950698500
950735767
950701668
950735965
950698023
950738414
950697087
950696866
950697506
950735964
950697039
950726476
950735960
950735861
950700704
950695965
950735979
950736325
950736322
950736326
950701792
950736323
950736324
950736327
950735881
950696433
950700586
950700731
950699478
950698395
950698310
950699073
950701415
950698954
950696363
950695599
950700506
950697329
950700176
950700201
950699051
950698682
950698705
950736687
950696519
950698493
950700609
950700610
950701889
950697183
950701225
950700341
950701223
950699220
950696166
950695615
950700147
950695682
950697286
950699269
950697780
950697509
950701196
950700830
950699047
950698323
950698044
950697884
950704204
950701331
950696498
950698790
950698658
950696610
950698192
950698963
950726592
950700457
950699016
950706129
950697484
950701863
950697862
950699756
950696990
950698734
950695618
950697733
950696752
950697230
950701601
950695722
950700828
950696574
950697616
950696130
950695563
950698300
950698534
950697810
950698616
950700834
950695743
950695652
950695744
950696108
950699825
950701521
950726100
950697241
950735195
950701632
950699989
950696636
950698772
950701206
950736696
950695736
950695644
950699058
950698956
950700600
950695937
950701592
950695768
950699808
950700296
950696948
950699505
950696953
950696025
950695948
950698693
950701351
950698042
950700697
950696055
950697182
950700971
950697833
950700767
950696126
950727161
950736019
950699129
950700644
950697250
950696747
950696412
950696549
950699675
950728782
950698617
950700410
950699548
950697153
950698492
950701750
950695675
950701108
950699592
950697269
950695725
950700031
950695623
950700023
950700368
950698497
950700990
950695550
950697037
950737342
950738402
950701593
950699480
950699702
950698087
950699741
950700829
950701396
950698724
950697658
950699299
950726787
950696102
950697527
950697326
950695692
950698750
950700198
950701205
950699919
950701689
950699056
950701111
950699845
950698478
950697366
950698191
950700501
950700110
950697858
950699599
950696733
950699020
950700965
950701481
950706502
950706503
950700167
950700168
950701224
950695909
950697591
950698844
950699361
950696045
950698223
950696940
950697121
950700946
950700867
950699671
950736253
950699834
950700359
950724996
950736439
950738512
950726750
950696147
950726564
950699937
950697636
950699396
950701257
950701543
950698365
950699292
950701883
950699517
950700119
950698562
950700507
950698538
950701014
950699426
950701005
950697295
950696140
950697844
950697695
950697612
950700395
950728000
950700773
950696107
950698363
950705476
950726779
950699119
950700059
950701682
950698609
950701452
950701774
950701741
950700567
950699227
950699540
950699917
950699987
950695731
950700672
950701451
950698088
950696382
950697002
950695667
950701509
950696852
950736948
950700065
950700254
950700255
950698952
950701625
950698306
950699363
950701501
950698093
950726491
950697185
950701867
950701484
950701388
950700958
950695742
950700662
950726581
950701613
950701371
950696946
950697369
950700010
950700735
950701564
950701787
950700699
950701681
950699870
950700437
950697649
950697679
950699348
950700353
950695905
950698357
950701064
950700217
950698547
950701322
950735467
950700236
950698216
950700407
950700408
950706499
950699959
950699960
950705840
950706506
950700854
950699386
950705842
950697789
950698643
950735262
950735263
950735269
950735264
950695613
950698247
950700667
950701771
950701510
950696842
950696541
950697346
950696804
950697321
950696322
950697447
950700931
950697049
950696772
950696599
950698898
950724793
950724794
950737331
950700675
950700935
950699406
950699886
950701809
950701077
950701207
950697614
950699869
950700920
950697763
950697515
950699739
950700316
950700785
950727539
950697396
950705623
950701085
950699309
950698173
950698527
950697655
950696496
950696877
950699930
950700050
950701092
950701374
950695898
950701026
950701712
950701703
950700137
950700721
950700775
950699471
950698118
950724536
950695832
950697766
950698094
950696884
950696675
950701192
950700982
950701132
950701204
950695861
950698703
950697549
950700838
950697051
950699769
950698810
950728800
950757698
950757699
950757700
950695481
950700465
950696077
950695889
950696416
950696634
950705383
950698604
950699896
950701571
950697800
950726198
950704148
950698813
950695936
950696882
950701384
950701195
950695845
950699868
950698717
950697590
950699898
950697786
950734980
950698426
950698442
950698316
950701831
950700792
950696061
950699772
950698514
950701795
950701253
950698764
950700679
950696359
950735243
950696968
950699305
950696043
950695865
950696794
950698103
950696693
950700510
950698474
950698901
950698476
950699752
950696988
950697380
950696389
950696459
950699253
950695482
950698281
950698833
950700388
950700619
950697040
950701587
950697070
950697071
950700264
950701553
950695636
950696949
950697158
950699922
950697624
950698555
950724686
950700287
950698128
950728244
950701130
950725944
950725945
950725946
950725947
950725948
950725949
950725950
950725951
950699511
950696660
950698742
950696420
950697406
950697355
950701175
950699404
950696801
950697271
950696144
950695653
950727171
950697413
950700101
950698727
950725725
950695962
950697392
950696526
950701201
950760062
950698608
950698333
950698990
950695556
950699666
950696428
950696429
950695544
950695545
950695470
950700092
950699435
950726710
950700202
950700203
950698824
950699664
950699941
950696244
950701502
950699086
950736107
950695888
950695772
950697892
950698663
950697871
950701881
950696811
950696809
950696810
950696808
950696807
950696905
950727867
950735724
950700224
950699176
950698454
950697542
950695668
950701759
950697027
950698379
950727571
950700910
950698603
950699481
950735695
950735696
950737619
950699289
950698955
950727250
950696237
950701304
950701572
950700036
950699512
950699693
950727931
950700302
950700960
950697972
950699729
950701619
950699172
950697647
950697907
950696415
950695848
950700394
950698592
950695956
950697218
950696206
950697248
950700298
950698765
950696745
950695508
950738465
950696737
950697407
950698261
950735273
950699819
950696320
950735820
950700263
950699230
950699577
950696002
950699336
950695751
950701119
950698429
950696308
950695916
950696396
950727701
950697951
950696789
950726780
950700452
950697063
950696242
950725482
950735803
950700085
950735808
950701876
950701834
950697633
950701805
950699881
950725205
950700845
950701059
950699190
950698655
950697434
950697298
950696886
950696373
950698441
950735739
950701164
950726352
950701070
950697113
950724854
950724855
950697408
950696098
950728007
950700269
950696753
950698853
950701044
950697328
950701213
950698965
950699267
950699091
950699865
950697909
950697755
950698121
950698618
950698800
950699640
950737444
950701056
950700343
950696855
950696865
950696112
950698106
950705710
950698691
950728022
950736495
950700547
950699208
950727633
950703024
950700321
950698959
950700113
950697226
950696536
950698971
950696608
950698866
950698740
950699580
950700900
950695928
950697273
950698201
950700121
950700120
950698767
950735329
950700094
950701135
950736497
950736498
950736499
950736500
950698507
950697260
950701414
950706406
950735266
950697896
950724809
950700142
950727341
950699828
950700952
950705912
950700460
950737230
950737231
950698020
950697253
950697160
950695690
950695688
950695689
950696186
950697537
950696183
950696286
950695537
950695612
950699040
950698621
950700603
950696529
950701128
950698668
950698669
950700253
950701270
950724935
950699059
950725390
950700556
950701804
950701749
950701145
950698520
950699821
950701531
950699683
950696368
950697913
950696388
950699530
950726603
950726602
950700309
950739457
950696366
950696802
950699462
950701529
950724729
950696729
950697062
950699722
950735473
950696340
950696941
950705892
950699620
950699430
950724697
950697316
950724703
950701312
950701718
950700640
950697587
950724895
950724698
950697283
950697357
950697486
950698414
950728841
950696300
950724856
950699712
950725250
950701779
950701837
950699674
950701476
950724886
950699707
950697530
950700146
950724647
950724860
950706421
950701616
950724701
950724644
950724724
950700153
950724706
950724865
950698301
950700409
950739027
950701293
950700797
950698014
950701429
950701425
950701428
950701427
950701430
950701426
950706204
950701424
950737505
950737504
950706231
950699944
950724640
950699131
950699053
950696954
950697065
950696184
950695773
950727856
950700489
950735802
950700305
950701010
950698203
950695843
950699215
950697885
950700141
950700174
950700455
950699419
950700578
950701603
950701740
950696163
950696164
950696834
950699063
950698569
950697038
950695506
950724337
950727168
950696255
950696482
950695876
950697105
950696251
950696058
950695837
950697635
950726839
950698062
950699379
950699187
950727155
950697557
950700987
950698943
950696248
950695971
950696265
950696266
950697666
950697025
950697384
950696073
950699151
950697752
950697350
950696260
950696858
950701353
950736494
950700999
950697442
950697578
950697104
950699194
950726721
950696021
950699175
950699516
950701640
950701695
950698179
950699213
950728006
950705589
950696996
950701687
950701849
950701841
950696120
950726767
950698509
950736317
950701706
950701272
950698984
950695521
950700677
950701061
950696074
950696198
950698329
950696252
950698206
950700879
950699420
950696601
950701416
950698817
950700877
950696609
950697251
950698037
950696901
950696991
950697370
950701602
950698251
950737820
950698733
950728631
950699225
950697989
950735278
950758915
950696027
950698396
950735761
950697317
950695831
950696220
950695921
950701018
950759817
950727719
950701472
950706227
950706021
950696950
950695717
950736118
950696461
950695539
950695834
950700015
950696306
950698018
950699980
950697660
950698859
950698883
950699940
950700940
950698737
950696091
950695982
950696173
950699044
950699673
950701178
950696983
950701800
950700876
950697912
950698394
950697345
950696993
950697559
950695975
950700405
950735254
950698330
950700286
950737666
950700630
950698262
950727432
950697599
950735227
950735938
950736692
950700961
950700074
950697859
950700299
950696458
950700354
950701146
950698460
950696158
950700957
950701514
950698447
950699704
950698065
950697337
950699005
950701155
950699011
950699038
950697662
950697001
950698944
950696857
950736214
950696812
950697244
950701540
950699136
950701256
950701788
950700979
950697855
950726992
950699641
950695601
950697170
950695602
950698481
950697034
950696071
950695983
950696911
950698483
950696445
950700370
950728608
950728609
950699313
950697967
950696205
950696095
950701027
950698721
950699890
950699030
950695785
950697223
950728165
950698420
950699804
950699373
950699618
950696116
950701727
950696965
950739538
950695670
950697492
950696168
950695764
950697186
950695707
950697143
950696580
950697460
950699506
950699169
950695576
950697155
950697154
950697197
950696279
950697669
950696127
950737976
950698916
950699534
950699535
950699536
950698915
950699446
950699532
950699533
950698913
950699445
950698914
950699531
950735188
950699665
950695582
950696161
950697516
950696687
950700519
950696947
950697341
950699999
950697399
950696372
950696408
950700884
950698292
950701654
950699623
950700687
950699273
950725481
950695934
950698091
950696094
950696933
950695918
950699229
950699613
950698681
950698816
950726994
950696463
950700560
950697290
950696540
950726991
950698022
950700995
950700969
950700882
950695860
950700708
950697340
950698582
950701710
950728001
950700639
950695733
950695774
950726122
950700454
950700362
950698270
950695935
950695614
950696736
950700584
950696578
950727566
950727565
950701031
950697225
950696440
950700102
950697214
950698842
950700784
950700391
950699791
950698797
950704235
950700787
950700283
950699199
950698583
950699303
950735753
950701419
950726998
950726999
950700951
950736044
950696501
950698754
950728875
950696770
950699415
950700403
950700003
950735791
950700683
950700568
950698879
950698238
950695807
950735794
950697339
950695590
950697574
950727588
950695478
950697461
950701179
950695977
950698249
950737838
950699770
950700007
950728859
950696328
950699492
950699130
950697193
950698982
950700846
950698635
950695575
950698290
950700232
950698045
950699219
950696832
950700818
950696078
950697224
950698488
950696787
950696790
950698777
950724792
950699593
950698516
950698377
950701125
950696796
950696731
950696818
950696938
950696817
950697469
950696066
950739049
950698226
950699369
950698908
950735883
950696826
950701318
950697144
950726764
950706474
950698498
950699805
950698993
950698992
950701410
950699203
950696060
950696915
950737550
950695661
950736237
950698077
950737558
950698013
950701880
950700088
950695836
950695526
950700849
950701238
950696973
950696350
950701615
950697620
950696405
950696975
950697417
950728722
950696472
950698741
950696974
950695706
950696452
950699178
950700205
950704601
950725681
950699049
950696316
950696087
950700127
950698461
950701065
950699484
950699754
950736624
950735344
950699928
950705897
950705896
950697109
950695496
950696977
950695562
950696435
950695494
950695561
950700605
950696962
950699773
950700606
950697387
950696978
950697033
950701423
950701356
950695586
950726714
950699839
950697737
950697691
950695955
950736056
950696148
950695864
950705944
950700923
950697074
950697075
950700535
950695658
950696056
950695755
950697026
950695631
950695869
950701290
950697007
950696516
950696305
950696358
950700111
950698130
950696594
950697096
950704219
950704220
950697631
950700076
950698411
950699968
950700416
950696134
950727795
950695642
950697730
950697803
950699631
950699574
950736053
950695727
950698874
950699271
950698287
950701530
950699039
950735799
950695693
950700930
950697168
950735610
950695702
950728348
950736314
950698143
950698144
950700973
950696761
950695584
950700415
950696374
950697762
950695650
950697480
950696759
950700824
950698868
950696020
950696603
950696909
950700714
950700674
950697217
950696397
950696093
950697953
950736255
950697489
950695859
950696239
950699496
950697130
950695598
950705530
950735246
950701816
950699947
950698657
950698589
950697963
950701365
950758975
950699015
950697894
950705878
950700794
950697659
950726604
950727433
950701818
950701218
950697390
950696912
950699662
950701074
950699736
950700722
950698199
950697713
950700551
950698354
950698872
950700322
950697041
950698140
950698433
950700924
950696295
950695699
950695988
950697275
950696548
950700131
950696011
950697974
950698443
950700108
950696332
950695871
950696591
950697255
950696423
950698233
950695698
950697206
950696648
950696824
950696562
950696563
950698795
950701812
950697120
950698278
950699581
950699916
950695919
950697698
950697435
950700312
950759743
950699394
950699395
950699423
950698744
950699788
950735864
950699400
950699812
950699558
950695686
950696430
950698832
950700774
950696317
950700512
950696136
950699969
950696357
950695673
950695951
950697478
950728416
950700447
950695517
950736432
950696606
950697343
950695659
950696500
950695765
950696681
950736429
950736119
950739556
950700384
950699083
950700456
950701354
950699082
950699399
950700383
950699297
950701541
950701096
950700680
950700290
950698056
950699464
950700947
950699162
950700711
950728651
950728653
950726719
950699088
950699087
950700618
950699403
950700438
950701067
950699764
950698773
950698125
950728699
950728698
950698675
950700592
950698845
950728417
950728513
950728514
950699504
950700327
950700328
950737512
950700242
950696667
950695829
950696943
950706446
950697689
950696935
950697388
950695819
950696212
950695805
950697334
950696487
950734991
950698417
950697508
950699617
950701162
950700956
950697315
950697173
950697031
950697482
950700084
950698275
950698458
950727573
950698762
950696864
950759149
950759144
950696419
950699891
950697888
950695603
950724300
950724302
950695538
950706182
950700064
950698303
950700858
950706181
950706443
950701676
950698462
950698580
950699963
950699538
950698464
950698997
950738270
950700817
950735809
950701832
950698503
950700162
950699054
950698064
950724353
950695578
950697908
950696815
950700048
950724328
950699281
950697175
950696495
950698288
950700613
950696712
950696618
950701626
950696669
950725665
950698283
950696503
950698936
950696816
950698650
950700234
950697772
950735850
950701327
950695993
950699167
950697945
950695674
950698794
950701722
950757788
950696269
950701705
950699818
950698779
950701890
950695899
950695533
950735651
950697491
950696264
950695893
950699074
950697024
950697023
950724420
950696259
950696370
950700285
950696059
950701719
950699951
950697287
950697905
950697018
950700632
950700590
950697258
950695942
950695890
950700616
950699071
950697205
950695694
950724487
950736233
950696966
950695781
950697124
950696191
950699642
950696728
950696883
950728818
950700432
950696160
950698141
950695879
950696619
950696531
950696175
950695514
950698058
950699993
950700175
950701329
950699584
950696195
950696289
950696285
950698276
950695980
950696012
950696174
950698444
950697903
950699676
950700564
950700478
950696937
950698584
950697548
950701546
950699284
950695838
950696181
950699408
950699355
950695681
950697971
950700692
950700804
950697831
950696838
950696701
950696552
950724953
950700801
950695760
950697203
950695677
950698651
950700803
950699782
950724073
950699360
950700608
950728028
950695571
950696062
950726486
950699076
950696740
950696057
950700087
950697744
950699070
950701222
950696154
950696477
950700844
950736307
950697739
950697597
950700691
950700544
950735679
950698920
950697148
950696169
950701197
950725957
950725958
950699077
950696670
950698537
950695902
950701628
950700044
950696507
950695647
950701148
950700901
950697342
950699411
950700988
950699991
950699388
950700587
950700872
950699524
950701872
950701854
950700705
950697984
950696231
950695810
950701015
950698248
950698139
950698134
950697496
950700579
950700581
950700919
950724695
950699984
950706233
950696764
950699034
950725587
950725590
950725589
950701647
950699117
950700434
950698327
950701103
950698328
950696022
950699315
950697982
950697952
950696026
950698631
950695796
950701878
950698897
950700492
950698738
950740135
950700895
950698799
950698702
950695880
950727703
950727064
950696063
950696773
950759285
950697086
950704054
950728780
950696982
950698886
950727441
950700808
950699243
950737440
950736046
950757759
950698888
950699605
950735156
950739069
950739173
950695549
950736441
950695813
950699414
950735059
950727257
950695530
950698743
950696391
950727739
950696771
950700136
950699328
950735673
950698588
950700585
950697443
950696997
950696885
950699734
950698040
950697419
950700471
950695529
950699697
950697381
950695606
950695608
950695580
950701814
950695505
950695504
950726507
950701081
950697927
950705023
950699052
950697234
950698240
950695551
950695822
950697968
950700393
950696927
950700226
950738547
950726833
950701171
950701586
950700355
950701249
950736262
950701810
950698089
950697490
950699177
950695863
950697966
950697079
950695552
950695809
950698885
950695991
950696280
950698439
950696157
950699214
950695933
950699840
950696432
950697621
950697711
950700361
950697652
950696150
950696557
950696149
950699842
950699800
950698905
950699425
950726885
950700310
950700428
950696456
950697895
950697282
950700262
950699439
950698986
950727261
950727262
950701048
950700813
950701442
950759329
950700596
950759334
950759330
950735580
950699460
950735147
950697860
950727193
950728093
950739288
950726453
950726661
950728488
950735101
950739720
950696090
950697389
950700375
950728430
950699216
950697239
950697108
950700272
950699710
950698257
950696197
950736057
950695703
950695786
950695790
950699542
950700073
950698110
950698521
950696624
950698465
950697059
950697138
950700962
950697798
950697683
950697827
950700833
950728325
950698988
950700994
950696480
950699562
950700241
950701457
950727195
950699938
950701715
950699523
950695669
950701054
950697476
950699240
950696016
950696532
950695684
950696464
950697596
950699639
950698505
950735865
950728633
950697067
950700718
950700841
950726751
950695758
950700271
950695873
950696492
950698451
950697965
950698430
950697122
950697268
950697330
950706235
950724547
950700463
950696319
950701768
950700893
950699998
950699474
950724198
950701104
950695827
950698771
950698998
950698649
950736639
950698494
950727649
950696448
950697310
950700945
950696044
950699231
950699970
950735786
950735251
950698759
950735705
950738583
950697126
950695467
950696502
950700482
950696249
950695468
950696984
950728366
950696760
950698314
950735974
950695792
950735766
950698477
950758556
950701701
950696640
950697462
950695654
950695964
950701737
950697235
950699143
950700304
950695846
950735084
950700974
950697821
950697586
950701246
950701039
950699028
950697011
950697456
950696223
950696547
950697687
950700839
950695634
950696326
950696007
950699520
950695856
950706494
950706496
950700206
950728403
950698277
950698686
950696515
950696284
950696910
950697058
950697950
950697940
950727815
950696200
950699690
950700207
950696692
950695700
950695901
950701555
950700573
950728595
950726755
950726501
950701772
950699927
950699626
950700835
950699323
950699180
950726797
950728431
950735765
950698728
950698526
950698729
950726747
950726523
950698409
950728499
950698633
950698407
950728819
950698456
950700574
950699181
950699182
950726840
950700396
950700397
950727923
950700398
950726995
950700690
950735754
950698331
950698554
950700135
950699217
950699625
950701497
950699586
950698976
950698634
950700297
950700575
950698977
950701000
950698857
950700959
950737400
950735762
950699587
950736383
950726525
950698689
950727884
950728501
950700612
950699089
950697611
950758193
950695493
950698351
950700701
950699288
950701826
950699013
950701406
950735207
950735223
950700752
950698696
950699237
950701159
950700159
950699140
950699433
950735272
950699353
950698792
950699132
950699127
950700461
950698820
950700357
950699647
950699649
950699139
950699432
950726869
950727662
950735270
950698900
950699000
950698746
950700160
950699648
950701562
950701058
950698101
950701360
950740187
950699099
950698687
950699291
950701307
950697082
950697083
950700413
950698445
950696863
950700303
950697507
950700664
950696413
950696301
950726395
950697582
950700464
950700308
950698646
950700723
950698164
950699455
950699803
950697169
950736693
950698208
950698150
950696009
950695638
950727634
950698446
950696738
950699816
950701069
950701512
950696963
950699766
950697047
950697431
950697970
950726199
950699081
950697416
950697274
950697112
950696407
950727219
950697312
950698250
950697779
950695847
950698546
950701870
950701489
950696539
950696643
950700531
950700795
950700643
950725680
950700894
950699635
950701177
950697420
950701847
950726711
950699244
950698536
950697060
950697015
950695877
950697397
950736492
950699042
950695520
950701358
950695802
950726499
950697319
950697425
950727636
950727639
950697424
950700338
950696042
950696844
950697356
950700658
950697414
950697279
950700151
950701227
950700565
950699084
950696840
950698052
950701362
950696647
950698561
950696509
950735976
950698213
950697608
950697139
950737313
950695579
950738750
950699062
950696424
950699490
950701526
950698496
950701577
950700602
950700978
950728047
950696572
950698081
950695592
950699026
950725192
950701679
950724361
950697573
950700107
950701584
950696846
950704608
950701383
950696571
950724964
950701150
950696621
950724359
950701215
950696769
950695820
950699137
950724763
950724245
950726391
950698413
950726390
950698321
950734982
950697429
950697194
950695567
950698099
950697594
950698619
950700725
950699876
950699877
950699603
950701637
950759947
950696726
950726403
950697532
950697765
950728544
950697200
950696518
950695949
950706491
950735804
950706178
950700274
950698623
950700703
950700598
950700563
950735813
950699449
950699255
950697732
950696226
950726112
950699346
950698827
950698108
950699837
950697735
950700673
950697870
950699345
950701697
950697335
950697336
950699413
950697000
950696650
950701522
950699283
950697394
950699717
950728101
950695892
950695961
950698358
950701623
950695740
950697671
950700859
950700860
950697902
950701156
950699929
950695906
950695849
950701232
950698075
950699753
950697534
950728769
950697528
950724932
950696128
950700186
950699147
950699300
950698595
950700476
950697288
950700190
950697354
950701126
950735118
950700096
950700129
950698822
950698163
950695480
950759948
950699138
950701368
950724218
950698116
950700902
950697097
950695513
950695767
950735811
950696215
950698123
950700855
950725177
950700836
950699900
950699556
950698252
950697125
950697640
950701166
950696674
950698543
950696331
950699909
950725206
950698676
950698269
950699667
950697535
950699397
950698361
950697900
950700873
950699971
950697564
950700654
950701231
950699996
950699990
950695660
950736625
950701411
950699711
950735109
950697799
950696833
950696315
950697775
950699781
950701638
950697267
950696786
950724868
950726743
950699452
950725180
950695857
950696661
950699295
950697832
950696542
950695486
950695748
950698949
950699384
950698975
950700485
950699678
950699846
950698644
950695989
950698931
950696524
950696384
950696082
950697261
950696294
950696923
950737337
950700075
950696033
950697181
950696723
950728201
950699221
950696034
950696611
950727626
950695554
950695777
950697207
950696494
950696193
950699257
950698232
950696649
950697969
950696314
950696122
950696493
950700758
950699746
950697993
950696739
950696638
950697373
950695973
950697232
950697930
950697448
950700284
950699995
950737399
950698148
950697497
950697344
950699790
950727935
950701306
950698299
950696129
950695543
950696969
950696891
950705407
950698648
950699116
950698434
950728535
950728536
950698380
950727572
950700291
950698719
950700942
950699118
950698953
950738236
950697569
950699327
950698766
950700139
950698529
950700149
950700171
950700843
950696110
950700181
950697245
950697893
950699809
950700502
950697716
950736485
950701313
950697466
950701163
950700467
950726393
950697657
950726101
950696504
950727140
950699103
950699390
950696743
950697403
950695463
950695974
950698544
950700445
950697753
950695770
950700529
950701233
950700479
950696367
950695572
950696490
950695604
950695605
950736041
950736642
950735226
950698796
950699436
950699134
950700257
950728427
950728426
950728428
950724816
950698769
950728422
950734940
950726174
950701855
950728425
950727448
950727253
950728645
950735087
950735088
950735179
950736449
950701239
950735821
950728512
950727469
950727473
950699716
950698902
950735148
950727466
950728510
950728511
950728503
950728509
950726175
950727434
950727437
950727451
950727482
950727470
950728687
950701545
950735070
950728507
950739588
950697712
950696008
950699487
950701347
950696014
950697178
950696744
950695941
950699368
950697017
950695625
950696803
950703023
950701080
950696117
950699859
950726993
950699956
950706453
950701762
950696800
950697915
950699857
950697199
950696180
950697348
950697114
950697043
950701659
950697100
950696888
950697004
950697333
950698828
950700475
950696443
950698922
950727405
950695746
950701129
950698205
950701630
950699979
950735150
950735155
950698338
950700588
950700329
950701334
950696779
950699873
950698069
950698152
950697314
950698419
950696167
950699035
950699495
950700062
950698969
950698371
950706096
950706097
950703611
950696387
950697607
950697910
950698243
950697632
950699552
950697458
950698893
950698645
950697849
950699381
950697854
950700487
950699470
950695487
950699382
950701782
950697187
950701643
950697556
950699358
950696538
950695534
950695535
950696631
950697703
950697623
950697990
950695730
950699277
950698732
950701041
950735551
950696775
950698176
950700012
950698968
950697270
950696241
950735477
950699235
950699158
950701337
950701595
950698549
950700390
950700503
950701789
950695593
950700433
950698597
950699807
950698298
950695488
950698710
950701708
950696484
950700024
950696146
950700832
950700789
950699472
950699367
950700022
950698768
950698131
950727563
950701783
950700191
950726473
950726359
950736491
950697529
950698207
950700320
950699615
950696201
950698236
950759622
950696825
950696109
950699170
950701726
950696930
950696299
950695745
950699293
950700481
950699820
950700013
950736609
950695923
950699931
950699164
950701033
950699582
950698706
950697877
950701198
950697878
950697709
950700115
950700622
950698935
950699330
950696409
950736486
950735755
950696342
950696292
950701597
950701799
950697673
950701500
950701276
950735152
950726875
950695617
950700406
950701797
950705412
950701255
950701490
950698291
950698523
950698735
950737441
950698412
950736801
950727429
950700235
950696614
950697726
950696671
950697032
950698932
950697812
950700766
950699878
950695557
950697891
950701390
950724998
950699767
950700072
950700376
950696508
950698559
950698985
950735276
950735277
950724081
950724079
950724089
950696238
950699107
950695476
950697129
950696171
950726908
950696263
950696072
950696348
950700276
950701645
950700195
950735987
950698864
950701421
950699920
950695485
950699596
950697101
950697613
950697550
950696483
950698716
950698432
950700505
950699660
950700260
950700364
950696558
950724510
950699398
950725304
950696421
950700037
950699899
950700265
950700266
950698147
950700821
950698958
950697701
950696622
950696799
950696654
950697135
950695981
950696028
950700793
950700688
950697272
950696262
950696275
950696679
950696523
950695679
950696176
950697195
950697743
950699061
950699329
950697916
950698548
950695510
950699965
950700047
950697706
950697412
950700528
950696341
950697064
950699815
950699733
950700538
950697301
950727986
950760212
950695816
950701147
950706092
950700740
950706093
950700975
950698050
950698711
950697853
950699691
950697042
950697003
950697171
950736382
950695701
950726524
950699096
950700337
950726776
950726517
950696385
950699813
950726358
950698852
950695995
950696182
950700194
950697201
950696793
950696814
950701653
950735129
950696602
950699578
950700220
950700411
950701316
950700293
950736862
950700496
950699152
950698510
950698322
950701090
950699157
950698869
950696513
950698865
950700800
950698463
950699761
950700237
950701838
950725252
950697502
950698512
950701209
950700156
950698863
950700246
950699427
950696079
950698340
950700508
950701433
950701035
950696243
950696766
950695471
950698926
950700582
950726468
950724217
950695714
950698692
950695655
950700392
950699728
950697006
950700458
950697294
950697278
950695885
950701326
950728321
950696530
950696662
950726513
950701025
950705745
950727069
950727070
950701348
950727790
950758346
950701432
950727787
950695577
950696819
950696422
950697361
950696658
950696013
950697771
950700653
950727127
950698884
950700443
950727592
950697648
950698918
950695523
950697050
950697174
950699557
950697670
950699972
950728596
950698073
950700682
950695595
950701699
950697978
950699985
950701003
950701618
950726752
950728764
950697674
950696971
950698356
950701409
950699475
950701692
950698677
950699316
950698308
950698806
950728781
950739539
950700451
950700214
950700058
950700155
950698482
950703889
950699946
950701066
950727078
950727080
950700342
950727079
950700726
950701303
950699211
950698345
950698346
950701114
950698563
950699212
950696418
950700025
950699453
950698151
950698758
950697293
950700548
950696210
950696159
950701320
950696450
950695938
950697642
950696767
950696453
950725918
950696403
950724673
950697736
950724537
950700820
950699528
950696133
950736434
950696702
950700934
950696030
950698652
950697243
950696980
950701101
950696544
950698307
950727406
950697159
950701043
950699830
950695811
950697089
950724358
950699567
950696900
950699810
950698995
950698026
950700614
950697595
950697751
950701022
950701165
950700363
950699407
950695850
950699265
950699978
950726663
950726194
950701471
950701717
950701862
950726683
950698084
950698667
950699796
950699568
950700782
950699681
950701698
950700713
950699202
950699302
950698221
950696762
950701023
950701869
950698136
950699612
950697347
950698714
950695891
950701801
950698284
950699380
950726746
950699986
950701684
950701685
950700826
950699795
950700429
950704151
950700426
950699997
950698593
950698286
950698138
950699565
950697297
950698195
950700081
950700769
950698749
950698718
950699726
950696190
950699569
950699740
950698374
950697942
950700898
950699721
950700840
950699100
950698877
950698840
950699915
950701024
950698939
950696989
950700389
950698219
950699575
950726753
950699684
950700318
950698602
950700569
950698198
950699794
950699566
950695573
950699988
950726360
950700998
950695963
950700981
950700815
950696748
950701580
950698294
950699306
950699378
950699570
950698515
950726777
950697012
950725999
950726000
950726536
950699402
950727879
950696272
950698353
950699994
950701609
950700628
950696921
950699494
950696313
950696088
950700381
950701121
950699894
950695750
950697378
950696050
950696860
950697379
950700402
950695483
950699252
950697359
950695663
950697678
950696847
950699422
950698987
950701189
950698889
950698074
950697841
950697363
950701381
950696478
950727500
950699010
950696894
950696895
950696896
950696897
950696898
950705540
950695737
950697028
950697029
950700352
950700635
950697433
950697401
950695490
950696069
950698664
950696233
950700435
950697555
950697284
950697285
950701673
950697455
950697453
950697454
950700440
950696694
950695479
950698342
950700702
950697054
950701656
950697400
950698678
950696707
950698092
950700009
950699628
950696672
950697188
950697123
950697338
950701060
950697013
950695757
950701729
950699347
950700379
950697240
950702251
950697505
950698222
950696067
950735485
950696065
950697184
950696257
950695565
950696086
950698550
950696434
950695633
950700314
950696837
950726001
950726002
950700906
950700746
950697793
950696032
950700112
950695648
950699022
950698804
950726535
950701454
950700019
950701208
950699275
950700816
950699431
950701170
950736816
950697676
950699161
950700604
950698349
950724810
950699912
950724086
950700788
950696125
950695797
950695998
950700652
950695583
950695987
950697606
950695782
950695900
950701335
950701336
950698111
950696018
950697385
950727880
950695721
950698836
950697996
950699191
950699748
950701105
950698033
950699724
950700144
950701258
950697030
950700636
950736487
950728502
950697276
950700172
950696566
950699583
950698452
950695972
950697571
950695621
950701678
950701879
950701700
950698030
950699311
950728668
950699571
950699489
950697247
950697311
950700330
950698892
950698862
950700886
950701273
950696138
950699771
950696470
950699962
950699238
950726941
950696261
950700307
950697053
950699024
950735665
950699338
950696627
950700617
950695729
950697499
950696579
950697418
950697869
950698925
950697375
950701141
950696979
950696576
950699811
950701453
950740023
950697177
950700651
950736574
950695839
950697146
950700921
950700469
950698579
950726478
950701241
950702250
950702252
950697465
950695711
950696630
950696302
950697309
950697475
950695512
950696906
950696925
950699412
950698566
950700414
950698565
950698043
950725281
950701140
950698656
950700184
950701605
950696653
950736949
950695469
950696754
950701483
950697911
950700521
950737248
950697220
950700331
950697568
950696410
950700885
950699730
950697208
950697196
950695739
950696217
950697501
950699976
950701693
950696438
950695458
950701657
950696902
950696872
950696004
950737618
950699743
950696666
950698934
950698054
950699713
950698586
950699228
950698585
950700055
950700916
950700863
950696364
950696559
950696131
950697782
950696641
950696615
950696172
950701234
950698060
950699483
950699521
950700450
950698177
950701456
950696545
950726164
950697829
950697987
950696005
950696211
950699456
950699560
950698246
950700765
950701082
950698304
950700513
950697119
950700421
950699092
950696436
950700514
950695939
950697233
950696642
950701042
950696616
950696560
950697773
950697487
950701167
950698484
950700306
950701399
950700179
950701449
950727965
950701045
950701764
950701226
950736120
950700851
950695596
950736104
950698751
950700748
950698200
950699785
950700208
950698541
950698182
950696383
950697156
950696118
950696686
950696156
950700984
950701013
950698847
950697242
950698723
950699608
950726763
950699645
950699948
950699090
950699799
950697386
950757778
950701747
950701649
950701648
950706084
950698373
950697583
950697768
950697551
950697867
950700474
950700378
950699150
950695844
950697552
950697804
950697805
950727963
950697627
950697553
950698186
950697769
950699287
950697654
950697520
950695643
950697554
950697628
950727970
950727971
950698829
950695724
950697838
950697598
950695474
950700966
950697740
950697936
950697741
950701193
950695475
950701083
950700086
950697704
950697603
950697536
950701194
950700968
950699780
950697875
950697731
950697785
950727977
950697843
950697783
950699555
950700280
950700669
950697639
950697842
950697904
950697938
950700670
950701511
950697565
950697538
950698755
950699897
950699149
950700686
950700889
950695910
950697246
950695911
950699943
950700776
950695882
950696165
950728317
950700268
950698726
950699967
950697986
950696849
950701319
950695994
950701004
950700270
950700802
950700212
950696068
950700243
950700054
950699610
950696656
950728634
950700008
950696064
950696258
950695976
950696510
950697727
950698666
950695828
950699163
950696209
950695632
950699085
950696207
950696267
950696268
950696926
950738466
950700173
950698384
950700345
950701053
950725288
950696273
950701786
950728322
950726744
950696957
950700319
950735553
950735554
950726713
